1000000000000000
1000000010000001
1000000100000001
1000000110000010
1000001000000011
1000001010000011
1000001100000100
1000001110000100
1000010000000101
1000010010000101
1000010100000101
1000010110000110
1000011000000110
1000011010000110
1000011100000110
1000011110000110
1000100000000101
1000100010000101
1000100100000101
1000100110000100
1000101000000011
1000101010000010
1000101100000001
1000101110000000
1000101111111110
1000110001111100
1000110011111010
1000110101111000
1000110111110110
1000111001110100
1000111011110001
1000111101101110
1000111111101011
1001000001100111
1001000011100011
1001000101011111
1001000111011011
1001001001010110
1001001011010010
1001001101001100
1001001111000111
1001010001000001
1001010010111011
1001010100110101
1001010110101110
1001011000100111
1001011010011111
1001011100011000
1001011110001111
1001100000000111
1001100001111110
1001100011110101
1001100101101011
1001100111100001
1001101001010110
1001101011001011
1001101101000000
1001101110110100
1001110000101000
1001110010011011
1001110100001110
1001110110000001
1001110111110011
1001111001100100
1001111011010101
1001111101000110
1001111110110110
1010000000100101
1010000010010100
1010000100000011
1010000101110001
1010000111011110
1010001001001011
1010001010110111
1010001100100011
1010001110001110
1010001111111001
1010010001100011
1010010011001101
1010010100110110
1010010110011110
1010011000000110
1010011001101101
1010011011010100
1010011100111010
1010011110011111
1010100000000100
1010100001101000
1010100011001100
1010100100101110
1010100110010001
1010100111110010
1010101001010011
1010101010110011
1010101100010011
1010101101110001
1010101111010000
1010110000101101
1010110010001010
1010110011100110
1010110101000001
1010110110011100
1010110111110110
1010111001001111
1010111010100111
1010111011111111
1010111101010110
1010111110101100
1011000000000010
1011000001010111
1011000010101010
1011000011111110
1011000101010000
1011000110100010
1011000111110011
1011001001000011
1011001010010010
1011001011100000
1011001100101110
1011001101111011
1011001111000111
1011010000010010
1011010001011101
1011010010100110
1011010011101111
1011010100110111
1011010101111110
1011010111000100
1011011000001001
1011011001001110
1011011010010010
1011011011010100
1011011100010110
1011011101010111
1011011110011000
1011011111010111
1011100000010101
1011100001010011
1011100010010000
1011100011001011
1011100100000110
1011100101000000
1011100101111001
1011100110110001
1011100111101001
1011101000011111
1011101001010100
1011101010001001
1011101010111100
1011101011101111
1011101100100001
1011101101010010
1011101110000001
1011101110110000
1011101111011110
1011110000001011
1011110000110111
1011110001100011
1011110010001101
1011110010110110
1011110011011110
1011110100000101
1011110100101100
1011110101010001
1011110101110101
1011110110011001
1011110110111011
1011110111011101
1011110111111101
1011111000011101
1011111000111011
1011111001011001
1011111001110101
1011111010010001
1011111010101100
1011111011000101
1011111011011110
1011111011110101
1011111100001100
1011111100100010
1011111100110110
1011111101001010
1011111101011101
1011111101101110
1011111101111111
1011111110001110
1011111110011101
1011111110101011
1011111110110111
1011111111000011
1011111111001101
1011111111010111
1011111111100000
1011111111100111
1011111111101110
1011111111110011
1011111111111000
1011111111111011
1011111111111110
1011111111111111
1100000000000000
1011111111111111
1011111111111110
1011111111111011
1011111111111000
1011111111110011
1011111111101110
1011111111100111
1011111111100000
1011111111010111
1011111111001101
1011111111000011
1011111110110111
1011111110101011
1011111110011101
1011111110001110
1011111101111111
1011111101101110
1011111101011101
1011111101001010
1011111100110110
1011111100100010
1011111100001100
1011111011110101
1011111011011110
1011111011000101
1011111010101100
1011111010010001
1011111001110101
1011111001011001
1011111000111011
1011111000011101
1011110111111101
1011110111011101
1011110110111011
1011110110011001
1011110101110101
1011110101010001
1011110100101100
1011110100000101
1011110011011110
1011110010110110
1011110010001101
1011110001100011
1011110000110111
1011110000001011
1011101111011110
1011101110110000
1011101110000001
1011101101010010
1011101100100001
1011101011101111
1011101010111100
1011101010001001
1011101001010100
1011101000011111
1011100111101001
1011100110110001
1011100101111001
1011100101000000
1011100100000110
1011100011001011
1011100010010000
1011100001010011
1011100000010101
1011011111010111
1011011110011000
1011011101010111
1011011100010110
1011011011010100
1011011010010010
1011011001001110
1011011000001001
1011010111000100
1011010101111110
1011010100110111
1011010011101111
1011010010100110
1011010001011101
1011010000010010
1011001111000111
1011001101111011
1011001100101110
1011001011100000
1011001010010010
1011001001000011
1011000111110011
1011000110100010
1011000101010000
1011000011111110
1011000010101010
1011000001010111
1011000000000010
1010111110101100
1010111101010110
1010111011111111
1010111010100111
1010111001001111
1010110111110110
1010110110011100
1010110101000001
1010110011100110
1010110010001010
1010110000101101
1010101111010000
1010101101110001
1010101100010011
1010101010110011
1010101001010011
1010100111110010
1010100110010001
1010100100101110
1010100011001100
1010100001101000
1010100000000100
1010011110011111
1010011100111010
1010011011010100
1010011001101101
1010011000000110
1010010110011110
1010010100110110
1010010011001101
1010010001100011
1010001111111001
1010001110001110
1010001100100011
1010001010110111
1010001001001011
1010000111011110
1010000101110001
1010000100000011
1010000010010100
1010000000100101
1001111110110110
1001111101000110
1001111011010101
1001111001100100
1001110111110011
1001110110000001
1001110100001110
1001110010011011
1001110000101000
1001101110110100
1001101101000000
1001101011001011
1001101001010110
1001100111100001
1001100101101011
1001100011110101
1001100001111110
1001100000000111
1001011110001111
1001011100011000
1001011010011111
1001011000100111
1001010110101110
1001010100110101
1001010010111011
1001010001000001
1001001111000111
1001001101001100
1001001011010010
1001001001010110
1001000111011011
1001000101011111
1001000011100011
1001000001100111
1000111111101011
1000111101101110
1000111011110001
1000111001110100
1000110111110110
1000110101111000
1000110011111010
1000110001111100
1000101111111110
1000101110000000
1000101100000001
1000101010000010
1000101000000011
1000100110000100
1000100100000101
1000100010000101
1000100000000101
1000011110000110
1000011100000110
1000011010000110
1000011000000110
1000010110000110
1000010100000101
1000010010000101
1000010000000101
1000001110000100
1000001100000100
1000001010000011
1000001000000011
1000000110000010
1000000100000001
1000000010000001
1000000000000000
0111111101111111
0111111011111111
0111111001111110
0111110111111101
0111110101111101
0111110011111100
0111110001111100
0111101111111011
0111101101111011
0111101011111011
0111101001111010
0111100111111010
0111100101111010
0111100011111010
0111100001111010
0111011111111011
0111011101111011
0111011011111011
0111011001111100
0111010111111101
0111010101111110
0111010011111111
0111010010000000
0111010000000010
0111001110000100
0111001100000110
0111001010001000
0111001000001010
0111000110001100
0111000100001111
0111000010010010
0111000000010101
0110111110011001
0110111100011101
0110111010100001
0110111000100101
0110110110101010
0110110100101110
0110110010110100
0110110000111001
0110101110111111
0110101101000101
0110101011001011
0110101001010010
0110100111011001
0110100101100001
0110100011101000
0110100001110001
0110011111111001
0110011110000010
0110011100001011
0110011010010101
0110011000011111
0110010110101010
0110010100110101
0110010011000000
0110010001001100
0110001111011000
0110001101100101
0110001011110010
0110001001111111
0110001000001101
0110000110011100
0110000100101011
0110000010111010
0110000001001010
0101111111011011
0101111101101100
0101111011111101
0101111010001111
0101111000100010
0101110110110101
0101110101001001
0101110011011101
0101110001110010
0101110000000111
0101101110011101
0101101100110011
0101101011001010
0101101001100010
0101100111111010
0101100110010011
0101100100101100
0101100011000110
0101100001100001
0101011111111100
0101011110011000
0101011100110100
0101011011010010
0101011001101111
0101011000001110
0101010110101101
0101010101001101
0101010011101101
0101010010001111
0101010000110000
0101001111010011
0101001101110110
0101001100011010
0101001010111111
0101001001100100
0101001000001010
0101000110110001
0101000101011001
0101000100000001
0101000010101010
0101000001010100
0100111111111110
0100111110101001
0100111101010110
0100111100000010
0100111010110000
0100111001011110
0100111000001101
0100110110111101
0100110101101110
0100110100100000
0100110011010010
0100110010000101
0100110000111001
0100101111101110
0100101110100011
0100101101011010
0100101100010001
0100101011001001
0100101010000010
0100101000111100
0100100111110111
0100100110110010
0100100101101110
0100100100101100
0100100011101010
0100100010101001
0100100001101000
0100100000101001
0100011111101011
0100011110101101
0100011101110000
0100011100110101
0100011011111010
0100011011000000
0100011010000111
0100011001001111
0100011000010111
0100010111100001
0100010110101100
0100010101110111
0100010101000100
0100010100010001
0100010011011111
0100010010101110
0100010001111111
0100010001010000
0100010000100010
0100001111110101
0100001111001001
0100001110011101
0100001101110011
0100001101001010
0100001100100010
0100001011111011
0100001011010100
0100001010101111
0100001010001011
0100001001100111
0100001001000101
0100001000100011
0100001000000011
0100000111100011
0100000111000101
0100000110100111
0100000110001011
0100000101101111
0100000101010100
0100000100111011
0100000100100010
0100000100001011
0100000011110100
0100000011011110
0100000011001010
0100000010110110
0100000010100011
0100000010010010
0100000010000001
0100000001110010
0100000001100011
0100000001010101
0100000001001001
0100000000111101
0100000000110011
0100000000101001
0100000000100000
0100000000011001
0100000000010010
0100000000001101
0100000000001000
0100000000000101
0100000000000010
0100000000000001
0100000000000000
0100000000000001
0100000000000010
0100000000000101
0100000000001000
0100000000001101
0100000000010010
0100000000011001
0100000000100000
0100000000101001
0100000000110011
0100000000111101
0100000001001001
0100000001010101
0100000001100011
0100000001110010
0100000010000001
0100000010010010
0100000010100011
0100000010110110
0100000011001010
0100000011011110
0100000011110100
0100000100001011
0100000100100010
0100000100111011
0100000101010100
0100000101101111
0100000110001011
0100000110100111
0100000111000101
0100000111100011
0100001000000011
0100001000100011
0100001001000101
0100001001100111
0100001010001011
0100001010101111
0100001011010100
0100001011111011
0100001100100010
0100001101001010
0100001101110011
0100001110011101
0100001111001001
0100001111110101
0100010000100010
0100010001010000
0100010001111111
0100010010101110
0100010011011111
0100010100010001
0100010101000100
0100010101110111
0100010110101100
0100010111100001
0100011000010111
0100011001001111
0100011010000111
0100011011000000
0100011011111010
0100011100110101
0100011101110000
0100011110101101
0100011111101011
0100100000101001
0100100001101000
0100100010101001
0100100011101010
0100100100101100
0100100101101110
0100100110110010
0100100111110111
0100101000111100
0100101010000010
0100101011001001
0100101100010001
0100101101011010
0100101110100011
0100101111101110
0100110000111001
0100110010000101
0100110011010010
0100110100100000
0100110101101110
0100110110111101
0100111000001101
0100111001011110
0100111010110000
0100111100000010
0100111101010110
0100111110101001
0100111111111110
0101000001010100
0101000010101010
0101000100000001
0101000101011001
0101000110110001
0101001000001010
0101001001100100
0101001010111111
0101001100011010
0101001101110110
0101001111010011
0101010000110000
0101010010001111
0101010011101101
0101010101001101
0101010110101101
0101011000001110
0101011001101111
0101011011010010
0101011100110100
0101011110011000
0101011111111100
0101100001100001
0101100011000110
0101100100101100
0101100110010011
0101100111111010
0101101001100010
0101101011001010
0101101100110011
0101101110011101
0101110000000111
0101110001110010
0101110011011101
0101110101001001
0101110110110101
0101111000100010
0101111010001111
0101111011111101
0101111101101100
0101111111011011
0110000001001010
0110000010111010
0110000100101011
0110000110011100
0110001000001101
0110001001111111
0110001011110010
0110001101100101
0110001111011000
0110010001001100
0110010011000000
0110010100110101
0110010110101010
0110011000011111
0110011010010101
0110011100001011
0110011110000010
0110011111111001
0110100001110001
0110100011101000
0110100101100001
0110100111011001
0110101001010010
0110101011001011
0110101101000101
0110101110111111
0110110000111001
0110110010110100
0110110100101110
0110110110101010
0110111000100101
0110111010100001
0110111100011101
0110111110011001
0111000000010101
0111000010010010
0111000100001111
0111000110001100
0111001000001010
0111001010001000
0111001100000110
0111001110000100
0111010000000010
0111010010000000
0111010011111111
0111010101111110
0111010111111101
0111011001111100
0111011011111011
0111011101111011
0111011111111011
0111100001111010
0111100011111010
0111100101111010
0111100111111010
0111101001111010
0111101011111011
0111101101111011
0111101111111011
0111110001111100
0111110011111100
0111110101111101
0111110111111101
0111111001111110
0111111011111111
0111111101111111
1000000000000000
1000000010000001
1000000100000001
1000000110000010
1000001000000011
1000001010000011
1000001100000100
1000001110000100
1000010000000101
1000010010000101
1000010100000101
1000010110000110
1000011000000110
1000011010000110
1000011100000110
1000011110000110
1000100000000101
1000100010000101
1000100100000101
1000100110000100
1000101000000011
1000101010000010
1000101100000001
1000101110000000
1000101111111110
1000110001111100
1000110011111010
1000110101111000
1000110111110110
1000111001110100
1000111011110001
1000111101101110
1000111111101011
1001000001100111
1001000011100011
1001000101011111
1001000111011011
1001001001010110
1001001011010010
1001001101001100
1001001111000111
1001010001000001
1001010010111011
1001010100110101
1001010110101110
1001011000100111
1001011010011111
1001011100011000
1001011110001111
1001100000000111
1001100001111110
1001100011110101
1001100101101011
1001100111100001
1001101001010110
1001101011001011
1001101101000000
1001101110110100
1001110000101000
1001110010011011
1001110100001110
1001110110000001
1001110111110011
1001111001100100
1001111011010101
1001111101000110
1001111110110110
1010000000100101
1010000010010100
1010000100000011
1010000101110001
1010000111011110
1010001001001011
1010001010110111
1010001100100011
1010001110001110
1010001111111001
1010010001100011
1010010011001101
1010010100110110
1010010110011110
1010011000000110
1010011001101101
1010011011010100
1010011100111010
1010011110011111
1010100000000100
1010100001101000
1010100011001100
1010100100101110
1010100110010001
1010100111110010
1010101001010011
1010101010110011
1010101100010011
1010101101110001
1010101111010000
1010110000101101
1010110010001010
1010110011100110
1010110101000001
1010110110011100
1010110111110110
1010111001001111
1010111010100111
1010111011111111
1010111101010110
1010111110101100
1011000000000010
1011000001010111
1011000010101010
1011000011111110
1011000101010000
1011000110100010
1011000111110011
1011001001000011
1011001010010010
1011001011100000
1011001100101110
1011001101111011
1011001111000111
1011010000010010
1011010001011101
1011010010100110
1011010011101111
1011010100110111
1011010101111110
1011010111000100
1011011000001001
1011011001001110
1011011010010010
1011011011010100
1011011100010110
1011011101010111
1011011110011000
1011011111010111
1011100000010101
1011100001010011
1011100010010000
1011100011001011
1011100100000110
1011100101000000
1011100101111001
1011100110110001
1011100111101001
1011101000011111
1011101001010100
1011101010001001
1011101010111100
1011101011101111
1011101100100001
1011101101010010
1011101110000001
1011101110110000
1011101111011110
1011110000001011
1011110000110111
1011110001100011
1011110010001101
1011110010110110
1011110011011110
1011110100000101
1011110100101100
1011110101010001
1011110101110101
1011110110011001
1011110110111011
1011110111011101
1011110111111101
1011111000011101
1011111000111011
1011111001011001
1011111001110101
1011111010010001
1011111010101100
1011111011000101
1011111011011110
1011111011110101
1011111100001100
1011111100100010
1011111100110110
1011111101001010
1011111101011101
1011111101101110
1011111101111111
1011111110001110
1011111110011101
1011111110101011
1011111110110111
1011111111000011
1011111111001101
1011111111010111
1011111111100000
1011111111100111
1011111111101110
1011111111110011
1011111111111000
1011111111111011
1011111111111110
1011111111111111
1100000000000000
1011111111111111
1011111111111110
1011111111111011
1011111111111000
1011111111110011
1011111111101110
1011111111100111
1011111111100000
1011111111010111
1011111111001101
1011111111000011
1011111110110111
1011111110101011
1011111110011101
1011111110001110
1011111101111111
1011111101101110
1011111101011101
1011111101001010
1011111100110110
1011111100100010
1011111100001100
1011111011110101
